Precision: 0.7104
Recall: 0.6721
F1-score: 0.6725

              precision    recall  f1-score   support

           0       0.62      0.42      0.50        24
           1       0.73      0.88      0.80        52
           2       0.68      0.59      0.63        54
           3       0.45      0.62      0.52        53
           4       0.86      0.69      0.77        71
           5       0.78      0.63      0.70        49
           6       0.88      0.52      0.65        69
           7       0.56      0.89      0.69        61

    accuracy                           0.67       433
   macro avg       0.70      0.66      0.66       433
weighted avg       0.71      0.67      0.67       433
